evens = 100:-2:1;
odds = 1:2:100;

~ @TSG405
